n : 0.1320057483063026
r : 0.11137343461301581
nr : 0.1095257647300349
p : 0.10244303017860809
ns : 0.09325600492711969
v : 0.09166495586121946
t : 0.07149455963867789
w : 0.07134058714842947
m : 0.06389858345308971
nt : 0.0327961404229111
d : 0.02340381851775816
c : 0.019041264627386572
j : 0.01883596797372203
a : 0.012779716690617943
l : 0.00851981112707863
vn : 0.0074933278587559025
nz : 0.006620817080681585
i : 0.005235064668445905
b : 0.0036440156025456783
f : 0.003233422295216588
ad : 0.0029768014781359066
s : 0.0021556148634777252
z : 0.0015910490659002258
Vg : 0.0011804557585711353
Tg : 0.0006672141244097722
Ng : 0.0006672141244097722
nx : 0.0005645657975774994
an : 0.0004619174707452269
e : 0.0002566208170806816
Dg : 0.00020529665366454526
Ag : 0.00020529665366454526
o : 0.00015397249024840895
vd : 0.00010264832683227263
q : 0.00010264832683227263
u : 5.1324163416136314e-05
y : 5.1324163416136314e-05
